1	888	2.82932
1	908	0.522537
1	956	3.23202
1	964	3.48199
2	905	1.63922
2	937	1.67251
2	953	3.04543
2	995	2.50884
3	406	0.014637
3	884	0.572235
3	900	1.88037
3	1000	4.76545
4	449	1.46969
4	946	1.08872
4	975	2.57598
4	994	3.55433
5	138	0.8
5	984	1.84429
5	997	2.72436
5	998	2.76141
6	612	0.262514
6	799	0.0862576
6	894	2.14116
6	999	4.72414
7	562	2.26274
7	627	0.653054
7	819	2.85068
7	899	3.70582
8	581	0.943431
8	717	0.82321
8	788	1.51906
8	933	3.91265
9	818	0.121577
9	918	1.46022
9	928	2.40593
9	958	3.22994
10	485	1.64501
10	544	1.42138
10	824	4.13775
10	930	3.33433
11	170	1.13186
11	305	1.65359
11	867	4.43861
11	980	4.87448
12	849	0.652891
12	936	1.12896
12	969	1.94412
12	992	3.53175
13	205	0.181839
13	923	1.15471
13	977	2.8435
13	989	3.23938
14	227	0.8
14	586	0.767986
14	959	3.19716
14	968	3.23667
15	786	1.7658
15	790	2.02481
15	909	1.20541
15	919	3.41838
16	770	0.441218
16	836	1.87581
16	956	3.26556
16	964	3.51553
17	348	1.22513
17	907	4.20946
17	916	2.19346
17	999	3.79367
18	304	0.210813
18	633	0.536223
18	923	0.846086
18	964	6.61377
19	139	3.07052
19	456	0.934655
19	730	0.105694
19	867	3.14114
20	774	1.15452
20	792	1.2169
20	819	1.99208
20	899	2.84722
21	790	0.0885737
21	952	0.844455
21	988	3.14068
21	991	3.21546
22	982	1.17881
22	984	1.46457
22	997	2.34464
22	998	2.38169
23	774	1.29397
23	792	1.35636
23	846	1.56829
23	899	2.98667
24	883	0.463767
24	907	0.676755
24	944	2.10048
24	999	3.96962
25	840	0.204618
25	848	0.956983
25	933	2.59395
25	961	3.44489
26	220	1.24723
26	540	1.82179
26	690	3.16228
26	827	4.14015
27	566	1.90057
27	691	0.900444
27	824	2.37765
27	827	2.02842
28	937	0.383522
28	965	1.72669
28	969	1.78324
28	992	3.37086
29	144	2.08929
29	818	1.82701
29	838	6.4
29	944	3.27531
30	807	1.97474
30	831	0.165952
30	883	1.41849
30	999	5.0609
31	821	0.453083
31	931	0.464952
31	988	3.15423
31	991	3.22901
32	611	0.613368
32	661	0.0602958
32	807	2.53293
32	916	4.01888
33	793	0.58123
33	886	1.18649
33	998	1.14971
33	1000	5.45651
34	399	1.46969
34	461	0.760313
34	643	1.29957
34	934	5.17513
35	501	0.0628434
35	959	2.4193
35	961	2.26141
35	968	2.45882
36	584	0.395762
36	869	0.22205
36	979	3.12271
36	981	3.64464
37	926	1.50406
37	928	1.01865
37	985	0.878979
37	993	3.82405
38	784	0.388529
38	912	1.6215
38	941	2.3612
38	947	2.85547
39	334	1.11803
39	984	1.84429
39	997	2.72436
39	998	2.76141
40	305	0.799523
40	395	1.46969
40	800	2.82259
40	867	3.58454
41	610	0.156017
41	688	0.390934
41	916	2.56701
41	999	4.16722
42	491	1.0011
42	591	0.5399
42	656	0.586943
42	958	5.07544
43	141	0.917477
43	649	3.24489
43	724	3.06528
43	995	0.54885
44	728	0.766758
44	879	2.88017
44	926	2.05828
44	993	4.37827
45	666	0.396816
45	765	2.61467
45	801	2.00876
45	971	4.17304
46	83	0.0144841
46	559	0.111042
46	811	1.54398
46	1000	5.5817
47	805	0.115294
47	868	0.358339
47	979	3.22317
47	981	3.74509
48	105	0.379082
48	524	1.32782
48	741	2.42594
48	825	3.08084
49	674	0.0108215
49	782	0.086816
49	980	3.58697
49	986	3.57837
50	798	2.03514
50	805	0.495604
50	979	3.17692
50	981	3.69885
51	397	0.288223
51	426	1.13797
51	741	1.92848
51	900	3.86763
52	735	0.505943
52	897	2.14863
52	903	2.09371
52	922	2.98847
53	571	0.0851654
53	856	0.32552
53	973	3.56611
53	974	3.26963
54	874	0.0260018
54	935	2.0245
54	956	2.4844
54	964	2.73437
55	860	0.371585
55	895	1.2735
55	912	2.17211
55	947	3.40607
56	551	0.271042
56	929	0.879125
56	976	2.61075
56	990	3.4644
57	887	0.0552147
57	976	2.57447
57	987	1.17175
57	990	3.42813
58	767	0.522159
58	854	0.36972
58	877	1.64134
58	1000	6.2504
59	688	1.46543
59	807	2.15556
59	916	3.64151
59	984	2.13916
60	594	0.175504
60	881	0.293251
60	980	3.50806
60	986	3.49946
61	276	0.120307
61	409	1.22914
61	564	0.715237
61	958	5.13649
62	942	0.552673
62	970	1.75882
62	972	1.88827
62	994	3.02666
63	318	0.247703
63	691	1.45533
63	824	2.93254
63	827	2.58331
64	246	1.26889
64	624	2.7
64	637	2.4646
64	760	3.40976
65	525	0.956668
65	772	2.05018
65	919	4.19826
65	929	3.00671
66	533	0.116481
66	673	1.20385
66	781	1.28344
66	957	4.60337
67	882	0.684728
67	919	0.113767
67	977	3.12162
67	1000	3.37189
68	660	0.576322
68	671	1.33584
68	673	0.944295
68	957	4.34382
69	639	1.09848
69	738	1.3532
69	904	1.72307
69	971	3.0312
70	877	1.38054
70	885	1.36506
70	896	1.57215
70	995	2.90529
71	881	0.377718
71	905	0.506053
71	980	3.30831
71	986	3.2997
72	607	2.26274
72	905	0.565233
72	980	3.36749
72	986	3.35888
73	524	0.332703
73	741	1.43083
73	825	2.08573
73	900	3.36997
74	833	0.453862
74	875	0.301665
74	978	3.29602
74	983	3.42052
75	736	0.0958057
75	787	0.18901
75	977	3.48064
75	989	3.87652
76	963	0.104506
76	982	1.62893
76	997	2.79475
76	998	2.8318
77	624	0.0604366
77	918	0.75343
77	930	1.91111
77	993	4.50454
78	295	1.19353
78	610	1.91302
78	807	4.07304
78	939	4.57879
79	804	1.24835
79	862	3.81838
79	897	2.56765
79	922	3.4075
80	635	0.94222
80	646	0.0867152
80	766	1.48995
80	952	4.70162
81	536	1.85203
81	897	2.14863
81	903	2.09371
81	922	2.98847
82	636	1.24153
82	775	1.50246
82	808	2.35357
82	834	2.11476
83	46	0.0144841
83	587	0.396269
83	703	0.0191647
83	1000	6.78486
84	795	4.68722
84	845	1.86483
84	925	2.33057
84	949	3.00984
85	716	0.220867
85	960	1.23438
85	988	2.88326
85	991	2.95803
86	665	2.7
86	776	0.682741
86	882	1.93935
86	1000	4.62651
87	982	1.17881
87	984	1.46457
87	997	2.34464
87	998	2.38169
88	480	1.46969
88	695	0.19042
88	977	3.35399
88	989	3.74987
89	828	2.03888
89	879	2.17094
89	914	2.99259
89	998	1.14971
90	809	0.444024
90	817	0.120903
90	920	3.07306
90	925	3.56252
91	916	4.78384
91	944	0.992601
91	947	1.8479
91	988	4.40682
92	826	0.164198
92	937	0.975256
92	965	2.31842
92	992	3.9626
93	421	1.46969
93	643	1.03347
93	932	2.95261
93	934	3.22864
94	913	0.0673202
94	931	0.591052
94	988	3.28033
94	991	3.35511
95	848	0.147347
95	921	1.42867
95	959	2.79314
95	968	2.83266
96	769	0.318967
96	987	0.376448
96	988	3.33208
96	991	3.40685
97	948	0.656517
97	972	1.75737
97	975	1.91742
97	994	2.89576
98	537	0.0204514
98	902	0.651631
98	976	3.17707
98	990	4.03072
99	703	0.16696
99	793	0.170756
99	886	1.39289
99	1000	5.66292
100	360	0.882527
100	653	0.0667476
100	932	2.99746
100	934	3.27349
101	416	0.500281
101	672	1.65039
101	775	1.91099
101	945	3.14714
102	623	0.0407613
102	822	0.423469
102	978	3.33817
102	983	3.46267
103	617	1.20264
103	800	2.62213
103	867	3.38408
103	871	3.80611
104	709	0.0903364
104	929	1.6765
104	950	2.04873
104	976	3.40813
105	48	0.379082
105	115	0.117375
105	130	0.563185
105	900	6.13435
106	507	0.0789888
106	766	1.11021
106	837	1.71973
106	952	4.32188
107	801	1.46126
107	810	4.68722
107	918	0.999932
107	993	4.75104
108	982	1.17881
108	984	1.46457
108	997	2.34464
108	998	2.38169
109	522	0.242801
109	701	0.435021
109	870	2.60811
109	920	3.90984
110	852	2.77327
110	861	1.18987
110	973	3.17158
110	974	2.8751
111	591	0.0936443
111	622	0.0637716
111	958	3.48891
111	995	3.56172
112	549	0.461429
112	884	0.718885
112	988	3.5896
112	992	3.21123
113	929	3.00671
113	965	1.94815
113	966	1.71479
113	992	3.59232
114	195	0.0704465
114	545	0.0403081
114	807	2.83533
114	916	4.32128
115	105	0.117375
115	611	0.675205
115	990	0.855606
115	994	6.40792
116	638	0.538793
116	869	0.119954
116	979	3.22062
116	981	3.74254
117	953	1.41498
117	965	1.38523
117	969	1.44178
117	992	3.0294
118	554	1.85203
118	751	0.225878
118	783	0.383118
118	986	6.5789
119	900	1.50676
119	969	3.49765
119	993	2.67283
119	1000	3.0561
120	787	1.16247
120	811	0.622682
120	882	1.97324
120	1000	4.6604
121	724	3.64829
121	937	0.953343
121	969	2.35306
121	992	3.94068
122	929	0.99228
122	938	1.29879
122	950	1.36451
122	990	3.57756
123	646	2.7
123	920	2.04121
123	924	1.95153
123	949	3.20994
124	856	7.00928
124	958	2.25776
124	980	2.56464
124	990	2.42846
125	132	1.12484
125	364	1.11803
125	676	1.49364
125	900	4.57776
126	823	0.985968
126	852	1.81128
126	863	1.80311
126	914	2.60025
127	882	0.412974
127	962	0.529689
127	989	3.24575
127	1000	3.10013
128	897	0.0569126
128	922	0.696754
128	981	3.18227
128	991	3.38217
129	280	0.163567
129	908	0.0655538
129	923	2.74395
129	977	4.43274
130	105	0.563185
130	355	0.634772
130	676	1.46507
130	900	4.54919
131	905	0.565233
131	955	2.99585
131	980	3.36749
131	986	3.35888
132	125	1.12484
132	825	2.40285
132	900	3.6871
132	1000	4.21573
133	500	1.85203
133	657	0.261247
133	937	1.88652
133	981	5.1271
134	517	0.913076
134	850	2.76124
134	879	3.52382
134	933	4.41154
135	943	0.472578
135	978	2.14145
135	983	2.26595
135	994	2.37813
136	865	0.478977
136	875	0.212718
136	978	3.20708
136	983	3.33158
137	595	0.291454
137	746	0.145191
137	979	3.35566
137	981	3.87759
138	5	0.8
138	807	0.895795
138	916	2.38175
138	999	3.98195
139	19	3.07052
139	263	1.96373
139	712	2.15169
139	1000	4.21573
140	984	1.84429
140	985	2.33086
140	997	2.72436
140	998	2.76141
141	43	0.917477
141	346	1.68701
141	526	0.645758
141	971	3.93637
142	877	2.34756
142	885	2.33208
142	896	2.53917
142	975	4.54196
143	260	0.0409168
143	418	1.50511
143	637	0.934611
143	932	4.71044
144	29	2.08929
144	894	0.244753
144	996	2.05296
144	999	2.82774
145	230	0.954848
145	748	1.53802
145	950	3.0174
145	952	4.72347
146	942	0.796917
146	970	2.00306
146	972	2.13252
146	975	2.29256
147	495	0.0147263
147	842	1.97335
147	862	1.55402
147	951	3.67056
148	853	0.129338
148	912	1.70987
148	941	2.44956
148	947	2.94383
149	405	0.299338
149	799	0.795991
149	907	2.34101
149	944	3.76473
150	833	0.262719
150	865	0.506433
150	978	3.16265
150	983	3.28715
151	890	0.0367611
151	950	1.95539
151	976	3.31478
151	987	1.91206
152	405	1.46969
152	636	1.44316
152	880	2.82385
152	945	2.94025
153	830	0.0572739
153	888	0.624345
153	951	3.399
153	962	3.11338
154	225	1.41159
154	691	2.15626
154	824	3.63347
154	839	6.4
155	873	1.40009
155	932	2.76905
155	934	3.04508
155	981	0.473396
156	929	0.653483
156	938	0.959993
156	976	2.38511
156	990	3.23876
157	773	0.0490928
157	951	2.63656
157	962	2.35094
157	967	2.18859
158	924	5.51863
158	970	2.26725
158	972	2.3967
158	975	2.55674
159	566	2.91746
159	734	3.64829
159	827	3.0453
159	836	1.23523
160	803	0.105266
160	923	1.1736
160	977	2.86239
160	989	3.25827
161	878	0.671979
161	950	2.16627
161	990	4.37932
161	999	2.73159
162	893	3.291
162	928	1.59919
162	938	2.04736
162	964	3.58589
163	614	0.85963
163	871	1.78769
163	956	1.60422
163	968	4.55398
164	780	0.167268
164	943	2.08912
164	974	3.08008
164	987	1.85711
165	918	0.105746
165	926	1.13687
165	993	3.45686
165	999	2.53259
166	719	0.369937
166	908	0.0131632
166	977	3.34854
166	989	3.74442
167	511	0.10998
167	539	0.0988178
167	903	3.05291
167	922	3.94767
168	901	0.340941
168	922	1.83582
168	930	1.23223
168	993	3.82566
169	581	2.1937
169	853	7.00928
169	921	1.82085
169	959	3.18533
170	11	1.13186
170	400	0.898237
170	549	2.15906
170	800	3.0046
171	439	0.101251
171	697	0.0611488
171	932	3.38821
171	934	3.66424
172	835	0.225949
172	861	0.106534
172	973	3.65692
172	974	3.36045
173	255	0.285096
173	306	0.40959
173	876	1.12518
173	993	5.39945
174	554	0.874967
174	626	0.650691
174	786	2.01066
174	919	3.66324
175	496	0.151238
175	587	0.128646
175	776	1.26142
175	1000	5.8344
176	590	0.169738
176	912	1.68542
176	941	2.42511
176	947	2.91938
177	936	1.28302
177	953	2.07139
177	966	1.80827
177	969	2.09818
178	346	0.806863
178	724	1.59
178	904	1.74809
178	971	3.05623
179	272	0.1265
179	715	0.104826
179	962	3.55785
179	967	3.3955
180	516	0.0416445
180	804	1.5304
180	897	2.8497
180	903	2.79478
181	351	0.0999164
181	601	0.31067
181	832	0.0126203
181	1000	6.70941
182	663	0.791842
182	726	1.2413
182	794	1.9064
182	901	3.26934
183	856	0.0777283
183	943	1.63087
183	973	2.91832
183	974	2.62184
184	502	0.157011
184	958	1.5797
184	981	4.05676
184	995	1.65251
185	519	0.123062
185	762	0.91878
185	781	1.41953
185	957	4.73946
186	338	0.377094
186	616	2.26274
186	835	1.31179
186	974	5.50919
187	830	1.35064
187	877	2.34756
187	885	2.33208
187	896	2.53917
188	774	1.56027
188	819	2.39783
188	829	1.20559
188	899	3.25297
189	875	0.376874
189	892	1.01749
189	978	3.37123
189	983	3.49573
190	247	1.11803
190	525	0.956668
190	772	2.05018
190	919	4.19826
191	814	0.140667
191	855	0.0665212
191	978	3.48897
191	983	3.61347
192	913	0.0664491
192	960	1.28664
192	988	2.93552
192	991	3.0103
193	216	1.15306
193	682	0.855796
193	824	2.76623
193	827	2.417
194	594	0.0689948
194	905	0.540864
194	980	3.34312
194	986	3.33451
195	114	0.0704465
195	402	0.604825
195	661	1.11247
195	916	5.4242
196	556	0.517898
196	809	2.46014
196	980	3.33461
196	986	3.326
197	577	2.26274
197	917	0.537445
197	948	2.70637
197	975	3.96727
198	665	0.100904
198	785	0.011253
198	918	1.66316
198	993	5.41427
199	892	0.00685526
199	910	0.29515
199	925	0.922206
199	997	6.17914
200	495	0.366986
200	750	1.74361
200	842	2.57218
200	951	4.26939
201	936	0.895377
201	965	1.65398
201	966	1.42063
201	992	3.29816
202	698	0.169878
202	865	0.733118
202	978	3.37637
202	983	3.50087
203	784	0.557332
203	786	1.83891
203	904	1.87142
203	919	3.49148
204	882	3.98194
204	960	1.30753
204	988	2.95641
204	991	3.03118
205	13	0.181839
205	312	0.0164344
205	456	1.46969
205	989	6.97375
206	371	0.895996
206	641	1.17858
206	932	5.12632
206	985	2.33086
207	717	3.64829
207	850	2.20262
207	852	2.99788
207	940	1.99025
208	522	0.0663958
208	649	2.60342
208	738	2.21204
208	765	2.33165
209	468	1.2338
209	575	0.38545
209	628	0.741605
209	951	4.84451
210	864	3.48353
210	984	1.84429
210	997	2.72436
210	998	2.76141
211	915	0.0790387
211	965	1.92547
211	966	1.69211
211	992	3.56965
212	491	0.770909
212	504	0.01032
212	958	3.1788
212	995	3.25161
213	347	1.11803
213	391	1.29604
213	394	1.30202
213	846	4.5956
214	645	0.520693
214	802	1.17798
214	863	2.35334
214	914	3.15049
215	848	0.200525
215	933	1.7006
215	961	2.55154
215	968	2.74895
216	193	1.15306
216	835	1.20917
216	862	3.81838
216	952	4.84301
217	512	1.74663
217	882	1.40752
217	975	4.54196
217	1000	4.09468
218	842	2.02398
218	881	0.312872
218	980	3.48806
218	986	3.47945
219	635	2.7
219	960	1.30753
219	988	2.95641
219	991	3.03118
220	26	1.24723
220	723	0.0582174
220	824	3.12051
220	827	2.77128
221	808	0.417881
221	982	1.65303
221	997	2.81886
221	998	2.85591
222	738	2.23887
222	765	2.35849
222	904	2.60873
222	965	1.2388
223	626	2.7
223	935	2.02983
223	956	2.48972
223	964	2.73969
224	703	1.27241
224	770	4.15692
224	776	2.80547
224	886	3.10842
225	154	1.41159
225	566	1.73143
225	824	2.20851
225	827	1.85928
226	641	0.0745098
226	873	1.37423
226	932	2.74319
226	934	3.01922
227	14	0.8
227	960	1.30753
227	988	2.95641
227	991	3.03118
228	459	1.46969
228	819	2.30662
228	846	1.74338
228	899	3.16176
229	526	0.987871
229	649	2.99188
229	765	2.72011
229	783	0.468572
230	145	0.954848
230	376	0.0477627
230	748	1.77163
230	837	2.35493
230	952	4.95709
231	248	0.786852
231	406	1.46969
231	651	2.04702
231	800	3.24266
231	867	4.00461
232	559	0.109242
232	608	0.0545071
232	793	0.999521
232	811	2.45396
232	1000	6.49168
233	845	3.13764
233	877	2.09612
233	885	2.08063
233	896	2.28773
233	995	3.62087
234	397	0.224143
234	676	0.956544
234	741	2.10152
234	825	2.75642
234	900	4.04067
235	500	0.30921
235	706	1.13877
235	718	1.15514
235	894	3.37666
235	944	4.0905
236	780	0.448684
236	798	2.65207
236	881	0.85323
236	980	4.40719
236	986	4.39858
237	633	2.7
237	657	1.5245
237	863	2.91219
237	914	3.70934
237	940	1.91273
238	724	0.0762404
238	930	0.979776
238	985	0.628136
238	988	4.19401
238	991	4.26878
239	705	3.16228
239	938	1.17894
239	957	1.42858
239	989	4.06504
239	990	3.45771
240	567	2.26274
240	865	0.739517
240	875	1.07997
240	978	4.07433
240	983	4.19883
241	389	0.0702904
241	515	0.252949
241	873	2.32157
241	932	3.69053
241	934	3.96657
242	857	0.0763126
242	931	0.904643
242	960	1.94504
242	988	3.59392
242	991	3.6687
243	250	0.151905
243	751	0.178859
243	881	1.94787
243	905	2.69957
243	980	5.50183
244	570	2.26274
244	802	2.07132
244	839	2.30939
244	850	2.45959
244	879	3.22217
245	533	1.85203
245	928	1.23471
245	948	1.60359
245	973	3.22473
245	993	4.04011
246	64	1.26889
246	336	0.315907
246	614	2.26274
246	932	4.08606
246	934	4.36209
247	190	1.11803
247	760	0.773964
247	924	2.39659
247	925	2.97574
247	959	3.91832
248	231	0.786852
248	516	1.85203
248	712	0.765877
248	800	3.87338
248	867	4.63534
249	497	1.16139
249	570	0.771101
249	740	2.12998
249	794	2.32059
249	901	3.68353
250	243	0.151905
250	782	0.042478
250	898	0.0790329
250	980	5.0397
250	986	5.0311
251	454	0.469837
251	554	1.53269
251	772	2.17288
251	838	1.56731
251	919	4.32096
252	433	0.705773
252	580	2.26274
252	858	1.00378
252	935	3.84546
252	964	4.55532
253	338	1.11803
253	758	0.0546834
253	868	1.33787
253	979	4.2027
253	981	4.72463
254	759	0.0617948
254	849	0.864592
254	965	2.49527
254	969	2.55183
254	992	4.13945
255	173	0.285096
255	783	2.16778
255	876	1.18994
255	926	3.14423
255	993	5.46421
256	757	1.41135
256	823	1.58641
256	828	2.24699
256	850	1.61646
256	914	3.2007
257	599	0.0622173
257	844	0.0758548
257	856	1.26598
257	973	4.50657
257	974	4.2101
258	579	1.62257
258	676	1.1919
258	825	2.99178
258	900	4.27603
258	981	0.79143
259	869	3.64255
259	887	0.726655
259	938	2.33884
259	950	2.40457
259	990	4.61761
260	143	0.0409168
260	371	0.0776887
260	389	0.35033
260	932	4.66273
260	934	4.93877
261	938	1.56393
261	940	0.059014
261	950	1.62965
261	976	2.98904
261	990	3.8427
262	560	1.35936
262	634	1.89603
262	813	5.23832
262	834	3.15409
262	880	3.66154
263	139	1.96373
263	619	1.2678
263	800	3.03373
263	867	3.79568
263	934	0.938625
264	916	1.80928
264	952	2.65833
264	955	3.31389
264	957	2.22618
264	999	3.40949
265	494	0.0124611
265	566	0.0946688
265	929	1.42937
265	981	4.58878
265	990	4.01465
266	284	0.691147
266	858	0.10324
266	935	2.72131
266	956	3.1812
266	964	3.43118
267	277	0.0285556
267	668	0.164008
267	923	2.12549
267	977	3.81428
267	989	4.21016
268	545	0.00360602
268	778	0.166558
268	807	1.78591
268	916	3.27186
268	999	4.87207
269	809	2.77818
269	946	1.27414
269	970	2.4719
269	972	2.60136
269	994	3.73975
270	872	2.71068
270	876	0.956064
270	918	1.47922
270	928	2.42494
270	993	5.23033
271	660	1.4735
271	693	1.36212
271	813	1.97871
271	928	2.63791
271	957	5.241
272	179	0.1265
272	859	0.235313
272	951	3.52743
272	962	3.24181
272	967	3.07946
273	727	3.64829
273	946	1.47653
273	948	1.70289
273	975	2.96379
273	994	3.94214
274	598	2.26274
274	915	0.786575
274	953	2.66276
274	966	2.39965
274	992	4.27718
275	857	0.55683
275	931	1.38378
275	962	2.99851
275	988	4.07306
275	991	4.14784
276	61	0.120307
276	603	0.00119558
276	750	0.868594
276	958	4.50515
276	995	4.57795
277	267	0.0285556
277	472	0.105791
277	854	0.132658
277	977	4.93749
277	989	5.33337
278	400	1.52875
278	456	2.19058
278	605	1.95199
278	867	4.39707
278	923	1.16412
279	312	1.11803
279	814	0.111727
279	855	0.363431
279	978	4.74925
279	983	4.87375
280	129	0.163567
280	692	0.347185
280	736	0.0977483
280	977	4.8669
280	989	5.26278
281	919	5.14821
281	926	1.07043
281	973	2.57503
281	983	3.08096
281	993	3.39041
282	623	0.0800993
282	707	0.144676
282	806	0.00076752
282	978	4.92228
282	983	5.04678
283	828	0.319885
283	882	2.7313
283	888	0.35898
283	914	1.27359
283	1000	5.41846
284	266	0.691147
284	756	4.15692
284	770	0.891138
284	935	4.02032
284	956	4.48022
285	436	0.489785
285	467	1.46969
285	774	2.35077
285	819	3.18834
285	899	4.04348
286	517	1.18699
286	720	3.64829
286	757	2.83004
286	823	3.0051
286	850	3.03515
287	506	0.260145
287	943	2.00747
287	973	3.29492
287	974	2.99844
287	987	1.77547
288	828	2.65012
288	852	2.81486
288	879	2.78218
288	940	1.80723
288	978	1.44068
289	527	1.23358
289	801	1.29716
289	930	2.46465
289	993	5.05808
289	1000	4.53377
290	851	0.666685
290	912	2.48287
290	941	3.22256
290	947	3.71683
290	965	1.55683
291	466	1.24889
291	525	1.08051
291	630	1.69677
291	684	1.72382
291	919	4.32211
292	870	0.631384
292	925	2.42258
292	936	0.324825
292	949	3.10185
292	996	3.91289
293	559	0.0333588
293	612	0.389149
293	671	0.38782
293	957	3.3958
293	1000	5.88665
294	473	0.0791448
294	477	0.531688
294	615	0.218537
294	811	2.59151
294	1000	6.62923
295	78	1.19353
295	402	0.0801782
295	610	1.25358
295	688	2.72347
295	916	4.89955
296	858	0.769478
296	874	1.41265
296	935	3.61115
296	954	0.0223753
296	964	4.32102
297	572	0.0592861
297	958	0.492347
297	980	2.53146
297	986	2.52285
297	998	4.57837
298	729	0.77086
298	804	1.72614
298	897	3.04545
298	903	2.99053
298	945	1.5528
299	670	0.130936
299	797	0.0530693
299	875	1.27834
299	978	4.2727
299	983	4.3972
300	550	1.85203
300	731	1.21958
300	839	2.0571
300	852	3.00257
300	914	3.79154
301	355	1.17949
301	496	1.85203
301	825	3.80966
301	900	5.0939
301	953	4.659
302	876	1.07078
302	882	4.29997
302	926	2.32471
302	930	2.05127
302	993	4.6447
303	454	0.140647
303	592	1.06234
303	663	0.790906
303	928	3.94773
303	930	4.15969
304	18	0.210813
304	339	0.122475
304	743	0.663146
304	956	4.62887
304	964	4.87885
305	11	1.65359
305	40	0.799523
305	619	2.5402
305	867	5.06807
305	881	0.930157
306	173	0.40959
306	684	3.16228
306	930	1.80599
306	993	4.39942
306	999	3.47516
307	748	0.640738
307	766	0.614522
307	837	1.22404
307	952	3.82619
307	996	3.80258
308	553	1.85203
308	982	1.89439
308	984	2.18015
308	997	3.06021
308	998	3.09726
309	936	1.07633
309	953	1.8647
309	965	1.83494
309	969	1.89149
309	992	3.47912
310	639	2.7
310	760	0.432116
310	829	0.460913
310	976	4.22415
310	994	4.95899
311	336	0.0821962
311	389	0.790251
311	643	1.50313
311	760	2.27199
311	934	5.37869
312	205	0.0164344
312	279	1.11803
312	704	0.069632
312	977	4.86899
312	989	5.26487
313	499	0.547351
313	648	2.7
313	924	2.06399
313	949	3.32239
313	996	4.13343
314	591	2.26274
314	649	0.336803
314	952	2.01862
314	979	3.6678
314	981	4.18973
315	775	4.68722
315	963	1.2669
315	982	2.19556
315	997	3.36139
315	998	3.39844
316	544	1.85203
316	770	0.235876
316	874	1.43067
316	956	4.08907
316	964	4.33904
317	569	1.61334
317	572	1.00548
317	591	1.45662
317	897	1.5478
317	958	5.99216
318	63	0.247703
318	494	0.0229156
318	682	2.59157
318	691	3.02479
318	827	4.15277
319	415	1.46969
319	602	0.295274
319	970	2.78836
319	975	3.07786
319	994	4.05621
320	859	0.397986
320	862	1.70861
320	888	1.05048
320	962	3.53952
320	967	3.37718
321	380	0.0490816
321	447	0.19537
321	868	1.34615
321	979	4.21097
321	981	4.7329
322	712	0.128505
322	926	2.10005
322	928	1.61464
322	930	1.82661
322	993	4.42004
323	429	1.46969
323	614	0.259595
323	933	2.58268
323	959	3.59151
323	968	3.63103
324	709	0.04834
324	878	0.0571897
324	950	2.13624
324	976	3.49564
324	990	4.34929
325	518	0.382058
325	727	0.180066
325	868	1.25135
325	979	4.11617
325	981	4.6381
326	692	0.617137
326	895	3.45001
326	923	1.92872
326	977	3.61751
326	989	4.01339
327	891	4.29631
327	895	1.35665
327	912	2.25525
327	941	2.99495
327	947	3.48922
328	430	0.0560432
328	748	2.89734
328	764	1.03692
328	870	0.871024
328	952	6.08279
329	955	0.0311929
329	982	1.89221
329	984	2.17797
329	997	3.05804
329	998	3.09509
330	809	0.139902
330	910	1.87317
330	920	2.32172
330	924	2.23204
330	949	3.49045
331	726	1.72359
331	740	2.19808
331	794	2.38868
331	901	3.75163
331	996	1.42876
332	797	0.0478218
332	855	0.0298174
332	865	1.08082
332	978	4.41564
332	983	4.54014
333	587	0.056634
333	776	1.20143
333	844	0.185256
333	882	3.08725
333	1000	5.77441
334	39	1.11803
334	857	0.018207
334	913	0.674764
334	988	4.68778
334	991	4.76255
335	963	0.142411
335	982	1.86683
335	984	2.15259
335	997	3.03266
335	998	3.06971
336	246	0.315907
336	311	0.0821962
336	873	2.22149
336	932	3.59045
336	934	3.86648
337	390	0.834636
337	675	0.427883
337	718	1.78518
337	892	3.00925
337	894	4.0067
338	186	0.377094
338	253	1.11803
338	732	0.685776
338	943	4.0196
338	974	5.01056
339	304	0.122475
339	433	0.685312
339	858	1.05308
339	935	3.89475
339	956	4.35464
340	627	0.796936
340	819	2.99456
340	846	2.43132
340	899	3.8497
340	935	1.84775
341	402	0.104035
341	661	0.0895693
341	807	1.81023
341	916	3.29618
341	999	4.89638
342	363	0.210435
342	668	0.126164
342	923	2.08643
342	977	3.77522
342	989	4.1711
343	408	0.128688
343	441	1.46969
343	629	0.0741563
343	943	4.27264
343	973	5.56008
344	520	0.123437
344	608	0.0299712
344	884	1.93501
344	886	1.8582
344	1000	6.12822
345	729	0.0789899
345	842	0.582626
345	967	1.83187
345	978	3.74744
345	983	3.87194
346	141	1.68701
346	178	0.806863
346	724	3.83481
346	765	3.74266
346	854	2.32507
347	213	1.11803
347	549	2.9346
347	651	2.58451
347	795	0.294007
347	867	4.5421
348	17	1.22513
348	674	3.16228
348	688	0.972881
348	916	3.14896
348	999	4.74917
349	856	0.0513473
349	943	2.00449
349	973	3.29194
349	974	2.99546
349	987	1.77249
350	895	1.35665
350	912	2.25525
350	941	2.99495
350	947	3.48922
350	958	0.981268
351	181	0.0999164
351	512	0.0288628
351	811	1.53833
351	882	2.88889
351	1000	5.57605
352	845	0.366304
352	910	1.81725
352	920	2.2658
352	924	2.17612
352	949	3.43453
353	832	0.0666154
353	858	0.638393
353	874	1.28157
353	956	3.93996
353	964	4.18994
354	922	1.11823
354	936	1.59682
354	966	2.12207
354	969	2.41198
354	992	3.9996
355	130	0.634772
355	301	1.17949
355	524	3.16867
355	534	0.151382
355	825	4.92169
356	877	2.09612
356	885	2.08063
356	896	2.28773
356	967	1.2474
356	995	3.62087
357	740	3.64829
357	818	5.80948
357	877	3.30167
357	885	3.28618
357	896	3.49328
358	764	0.0614871
358	878	0.454493
358	938	2.69143
358	950	2.75715
358	976	4.11655
359	867	0.55188
359	903	1.30272
359	922	2.19748
359	926	1.86734
359	993	4.18733
360	100	0.882527
360	697	1.13514
360	932	3.89017
360	933	4.72958
360	934	4.1662
361	942	0.910753
361	948	1.14549
361	972	2.24635
361	975	2.40639
361	994	3.38474
362	663	1.3893
362	740	2.31325
362	758	0.850004
362	794	2.50385
362	901	3.86679
363	342	0.210435
363	719	0.341912
363	923	2.09486
363	977	3.78365
363	989	4.17953
364	125	1.11803
364	753	0.309128
364	885	2.67564
364	896	2.88274
364	995	4.21588
365	680	0.621238
365	774	1.85426
365	792	1.91665
365	846	2.12859
365	899	3.54697
366	495	0.085737
366	842	1.55756
366	951	3.25477
366	962	2.96915
366	985	2.21125
367	500	1.41337
367	632	1.23044
367	799	2.22592
367	840	2.833
367	944	5.19466
368	569	2.26274
368	787	0.379041
368	923	2.01706
368	977	3.70585
368	989	4.10173
369	743	0.492482
369	874	0.469391
369	935	2.66789
369	956	3.12779
369	964	3.37776
370	630	1.54686
370	684	1.57392
370	790	2.77863
370	919	4.1722
370	987	0.876665
371	206	0.895996
371	260	0.0776887
371	641	0.308688
371	932	4.25642
371	934	4.53246
372	953	1.76026
372	965	1.7305
372	966	1.49714
372	969	1.78705
372	992	3.37468
373	963	0.142411
373	982	1.86683
373	984	2.15259
373	997	3.03266
373	998	3.06971
374	729	0.306969
374	804	1.26225
374	897	2.58156
374	903	2.52664
374	922	3.4214
375	677	3.16228
375	937	1.10519
375	953	2.47812
375	965	2.44836
375	992	4.09253
376	230	0.0477627
376	635	0.346198
376	837	1.50345
376	952	4.1056
376	996	4.08198
377	730	3.64829
377	926	2.21964
377	928	1.73423
377	985	1.59456
377	993	4.53962
378	719	0.296308
378	736	0.328257
378	824	2.53202
378	977	4.52413
378	989	4.92001
379	426	1.28161
379	741	2.07212
379	825	2.72702
379	900	4.01127
379	944	1.96711
380	321	0.0490816
380	758	0.0726756
380	805	0.342524
380	979	4.64687
380	981	5.1688
381	858	0.139014
381	874	0.558581
381	935	2.75708
381	956	3.21698
381	964	3.46695
382	913	0.358983
382	931	1.44793
382	947	2.27198
382	988	4.13721
382	991	4.21199
383	597	2.26274
383	956	2.12796
383	960	2.16854
383	965	1.79488
383	988	3.81742
383	992	3.43905
384	608	0.240976
384	623	2.7
384	776	1.88812
384	811	2.42338
384	884	2.26788
384	1000	6.4611
385	469	0.476462
385	792	2.5353
385	819	3.31047
385	846	2.74723
385	899	4.16561
385	962	3.35017
386	869	3.99421
386	942	1.64647
386	946	1.65485
386	970	2.85261
386	972	2.98206
386	994	4.12045
387	848	1.1134
387	871	1.03242
387	891	1.28785
387	921	2.39471
387	961	3.6013
387	968	3.79871
388	936	1.56183
388	937	0.97727
388	953	2.35019
388	966	2.08708
388	969	2.37699
388	992	3.96461
389	241	0.0702904
389	260	0.35033
389	311	0.790251
389	697	2.0114
389	873	4.32171
389	932	5.69067
390	337	0.834636
390	423	0.783404
390	546	1.85203
390	612	1.99408
390	883	3.44325
390	996	6.17433
391	213	1.29604
391	444	1.46969
391	680	1.35985
391	819	3.43044
391	846	2.8672
391	899	4.28558
392	598	0.0121575
392	732	0.466782
392	844	0.0721278
392	943	3.50474
392	973	4.79219
392	974	4.49571
393	453	0.226217
393	463	0.230052
393	758	0.439191
393	869	1.773
393	979	5.27366
393	981	5.79559
394	213	1.30202
394	436	0.737864
394	680	1.36583
394	792	2.66124
394	846	2.87317
394	899	4.29155
395	40	1.46969
395	727	0.13762
395	868	1.9587
395	869	1.32286
395	979	4.82353
395	981	5.34545
396	406	1.10914
396	514	0.654167
396	796	1.67626
396	813	1.95093
396	847	2.62754
396	957	5.21322
397	51	0.288223
397	234	0.224143
397	579	3.12385
397	629	2.7
397	741	3.83816
397	900	5.7773
398	802	1.73923
398	823	2.09745
398	828	2.75803
398	852	2.92277
398	914	3.71174
398	930	4.00403
399	34	1.46969
399	753	0.405099
399	877	2.7871
399	885	2.77161
399	896	2.97871
399	995	4.31185
400	170	0.898237
400	278	1.52875
400	617	2.80333
400	651	3.02719
400	863	1.09741
400	867	4.98477
401	464	1.46969
401	559	0.296526
401	601	0.0940096
401	884	2.93297
401	886	2.85616
401	1000	7.12618
402	195	0.604825
402	295	0.0801782
402	341	0.104035
402	611	1.85015
402	807	3.76971
402	999	6.85587
403	507	1.85203
403	842	1.86319
403	862	1.44386
403	951	3.5604
403	962	3.27477
403	967	3.11243
404	815	0.0598346
404	939	1.29336
404	942	1.99629
404	948	2.23103
404	970	3.20244
404	994	4.47028
405	149	0.299338
405	152	1.46969
405	763	0.0969432
405	883	2.2347
405	996	4.96578
405	999	5.74056
406	3	0.014637
406	231	1.46969
406	396	1.10914
406	533	2.31785
406	798	2.98331
406	957	6.80474
407	541	1.85203
407	963	0.775399
407	982	2.49982
407	984	2.78558
407	997	3.66565
407	998	3.70269
408	343	0.128688
408	506	0.198189
408	598	0.0206427
408	943	3.61784
408	973	4.90528
408	974	4.6088
409	61	1.22914
409	577	0.826214
409	603	0.699638
409	764	4.15692
409	958	5.20359
409	995	5.2764
410	669	1.0879
410	769	0.850253
410	821	0.965066
410	939	5.08607
410	960	4.28739
410	991	6.01104
411	585	0.827505
411	621	0.0713169
411	807	2.27816
411	916	3.76411
411	978	1.8588
411	986	6.3377
412	425	0.0504073
412	642	0.0595091
412	770	0.582273
412	858	2.12827
412	935	4.96995
412	956	5.42984
413	594	0.903949
413	621	0.748689
413	782	1.07962
413	915	4.99774
413	980	5.26348
413	986	5.25487
414	706	0.40819
414	818	0.580822
414	883	1.72321
414	907	1.9362
414	944	3.35992
414	999	5.22907
415	319	1.46969
415	742	0.253448
415	816	0.268538
415	940	1.32125
415	950	4.58795
415	990	6.80099
416	101	0.500281
416	452	1.38433
416	613	1.3229
416	834	2.96366
416	880	3.47111
416	945	3.58751
417	443	0.61188
417	727	0.811733
417	869	1.42099
417	914	4.66489
417	979	4.92166
417	981	5.44358
418	143	1.50511
418	475	1.21374
418	782	4.68722
418	873	3.41106
418	908	2.04724
418	934	5.05605
419	778	4.68722
419	931	1.42433
419	960	2.46473
419	987	1.15798
419	988	4.11361
419	991	4.18838
420	719	1.18642
420	857	7.00928
420	862	1.58278
420	892	1.09617
420	967	3.25135
420	989	6.12975
421	93	1.46969
421	963	0.775399
421	982	2.49982
421	984	2.78558
421	997	3.66565
421	998	3.70269
422	575	0.145663
422	842	2.08292
422	888	1.00547
422	951	3.78013
422	962	3.49451
422	985	2.73662
423	390	0.783404
423	552	1.51163
423	799	1.70057
423	883	3.0326
423	892	2.95802
423	907	3.24559
424	435	0.113757
424	722	0.210389
424	754	0.513744
424	773	1.90228
424	951	5.47701
424	962	5.19139
425	412	0.0504073
425	696	0.139613
425	957	2.15017
425	964	3.43906
425	976	3.32564
425	990	4.1793
426	51	1.13797
426	379	1.28161
426	432	0.620457
426	579	4.73724
426	741	5.45155
426	974	1.64962
427	740	0.541293
427	794	0.731896
427	870	0.599014
427	946	2.91668
427	949	3.06948
427	994	5.38229
428	653	0.0828392
428	820	0.18414
428	874	1.31297
428	935	3.51148
428	956	3.97137
428	964	4.22134
429	323	1.46969
429	853	1.19297
429	860	1.17298
429	912	2.9735
429	941	3.71319
429	947	4.20746
430	328	0.0560432
430	683	0.14563
430	748	1.53348
430	837	2.11678
430	952	4.71894
430	996	4.69532
431	549	2.77103
431	605	1.93345
431	617	2.19708
431	619	1.85065
431	795	0.0783283
431	867	4.37853
432	426	0.620457
432	697	3.16228
432	825	2.06587
432	903	2.96733
432	922	3.86209
432	957	3.74435
433	252	0.705773
433	339	0.685312
433	642	0.761881
433	953	4.14697
433	956	5.42144
433	964	5.67142
434	625	0.871999
434	732	0.89291
434	861	1.76378
434	943	4.22673
434	968	3.468
434	973	5.51417
435	424	0.113757
435	887	0.102689
435	929	1.72603
435	951	2.4882
435	980	4.44749
435	986	4.43888
436	285	0.489785
436	394	0.737864
436	680	2.5241
436	846	4.03145
436	886	3.12852
436	899	5.44983
437	521	1.50903
437	592	2.18337
437	663	1.91193
437	710	0.225834
437	794	3.02649
437	901	4.38943
438	599	0.174444
438	703	0.796122
438	776	3.17217
438	832	0.435607
438	882	5.05799
438	884	3.55194
439	171	0.101251
439	637	0.725052
439	873	3.13192
439	932	4.50088
439	934	4.77691
439	972	1.69897
440	718	3.64829
440	963	0.775399
440	982	2.49982
440	984	2.78558
440	997	3.66565
440	998	3.70269
441	343	1.46969
441	689	0.215729
441	777	0.0456443
441	923	3.1316
441	977	4.82039
441	989	5.21627
442	452	1.80197
442	478	1.49774
442	484	0.114394
442	775	2.76901
442	808	3.62012
442	834	3.38131
443	417	0.61188
443	463	0.127876
443	727	0.0218935
443	805	1.18332
443	979	5.48767
443	981	6.00959
444	391	1.46969
444	748	1.27373
444	766	1.24751
444	837	1.85702
444	952	4.45918
444	996	4.43556
445	756	0.130531
445	789	1.94708
445	816	0.483784
445	890	2.0291
445	929	4.43096
445	976	6.16259
446	797	0.465011
446	814	0.948985
446	822	0.540487
446	866	0.0106733
446	978	5.58651
446	983	5.71101
447	321	0.19537
447	518	0.227881
447	584	0.723567
447	868	2.25117
447	979	5.116
447	981	5.63792
448	645	0.94583
448	657	1.39079
448	757	1.78627
448	863	2.77848
448	879	2.75397
448	914	3.57563
449	4	1.46969
449	706	0.126174
449	894	2.00355
449	944	2.71739
449	996	3.81176
449	999	4.58653
450	788	0.83676
450	840	0.841014
450	933	3.23035
450	959	4.23918
450	961	4.08128
450	997	1.33782
451	711	0.297246
451	821	0.317201
451	913	0.560086
451	960	2.92422
451	988	4.5731
451	991	4.64787
452	416	1.38433
452	442	1.80197
452	702	1.60178
452	871	4.4758
452	880	4.15973
452	945	4.27613
453	393	0.226217
453	805	0.817608
453	869	1.62129
453	911	0.188909
453	979	5.12195
453	981	5.64388
454	251	0.469837
454	303	0.140647
454	786	2.67057
454	790	2.92958
454	904	2.70308
454	919	4.32315
455	497	2.05058
455	541	1.70388
455	592	2.36666
455	683	3.16228
455	726	2.54468
455	901	4.57272
456	19	0.934655
456	205	1.46969
456	278	2.19058
456	605	3.20153
456	730	2.01116
456	800	4.88465
457	528	1.85203
457	717	0.0723775
457	921	2.29556
457	959	3.66003
457	961	3.50214
457	968	3.69955
458	873	3.5258
458	936	1.97606
458	937	1.3915
458	953	2.76442
458	969	2.79122
458	992	4.37884
459	228	1.46969
459	504	0.315518
459	603	0.998079
459	622	0.848661
459	958	5.50203
459	995	5.57484
460	488	1.19641
460	801	2.67846
460	836	0.997564
460	883	2.69532
460	907	2.90831
460	996	5.4264
461	34	0.760313
461	515	0.635636
461	891	4.64797
461	908	2.02026
461	932	4.75304
461	934	5.02907
462	516	0.466948
462	729	1.60965
462	804	2.56493
462	867	3.81838
462	897	3.88424
462	922	4.72408
463	393	0.230052
463	443	0.127876
463	868	1.93061
463	869	1.29477
463	979	4.79544
463	981	5.31736
464	401	1.46969
464	497	1.91735
464	541	1.57065
464	726	2.41145
464	740	2.88595
464	901	4.43949
465	628	0.60542
465	859	1.03062
465	885	3.94979
465	962	4.17216
465	967	4.00981
465	985	3.41427
466	291	1.24889
466	630	2.47571
466	742	3.64829
466	786	3.44848
466	790	3.70749
466	838	2.34741
467	285	1.46969
467	915	1.59544
467	936	2.68326
467	937	2.09871
467	953	3.47163
467	965	3.44187
468	209	1.2338
468	482	0.981227
468	607	0.232567
468	722	0.572438
468	842	4.3868
468	962	5.79839
469	385	0.476462
469	783	2.51944
469	792	2.53619
469	819	3.31137
469	846	2.74813
469	899	4.16651
470	849	0.918286
470	915	0.702539
470	953	2.57873
470	966	2.31561
470	969	2.60552
470	992	4.19315
471	747	0.235482
471	920	1.40106
471	977	3.55386
471	978	2.98691
471	983	3.1114
471	986	3.46998
472	277	0.105791
472	668	0.992325
472	777	0.148038
472	787	0.726189
472	977	5.49898
472	989	5.89486
473	294	0.0791448
473	776	1.96791
473	844	0.030765
473	884	2.34767
473	886	2.27086
473	1000	6.54088
474	864	4.15322
474	939	1.24795
474	942	1.95088
474	948	2.18563
474	975	3.44652
474	994	4.42487
475	418	1.21374
475	637	1.43405
475	697	1.5306
475	709	3.16228
475	873	3.84092
475	932	5.20988
476	729	0.652849
476	804	1.60813
476	897	2.92744
476	903	2.87252
476	922	3.76728
476	945	1.43479
477	294	0.531688
477	587	0.600901
477	776	2.41652
477	867	3.81838
477	886	2.71947
477	1000	6.9895
478	442	1.49774
478	560	1.55331
478	775	2.73575
478	808	3.58686
478	880	3.85549
478	918	3.34532
479	750	2.41331
479	963	0.775399
479	982	2.49982
479	984	2.78558
479	997	3.66565
479	998	3.70269
480	88	1.46969
480	715	1.67502
480	754	0.450401
480	872	0.73966
480	951	5.41367
480	967	4.9657
481	917	0.123784
481	946	1.3315
481	970	2.52927
481	972	2.65872
481	975	2.81876
481	994	3.79711
482	468	0.981227
482	951	3.51096
482	962	3.22534
482	967	3.06299
482	984	2.80885
482	985	2.46745
483	668	3.16228
483	797	0.382572
483	865	1.4349
483	875	1.77536
483	978	4.76972
483	983	4.89422
484	442	0.114394
484	667	0.0974309
484	935	3.06012
484	943	2.48585
484	964	3.76999
484	973	3.7733
485	10	1.64501
485	544	1.97773
485	650	2.47468
485	679	3.16228
485	682	2.78366
485	827	4.34486
486	935	1.56425
486	976	2.16069
486	979	3.06655
486	981	3.58848
486	989	1.70493
486	990	3.01435
487	733	0.531742
487	768	4.15692
487	784	1.18415
487	851	2.1111
487	895	3.02869
487	941	4.66698
487	947	5.16125
488	460	1.19641
488	494	1.85203
488	543	0.747903
488	632	2.43732
488	678	1.09774
488	883	4.76483
488	944	6.40154
489	555	1.85203
489	891	1.13429
489	921	2.24115
489	933	2.5968
489	959	3.60563
489	961	3.44774
489	968	3.64515
490	594	1.07552
490	674	0.676087
490	761	0.556912
490	812	5.23832
490	905	2.95374
490	980	5.756
490	986	5.74739
491	42	1.0011
491	212	0.770909
491	572	2.1002
491	603	2.58293
491	713	3.13362
491	958	7.08688
491	980	5.9265
492	707	0.109013
492	822	0.850684
492	833	0.930019
492	875	2.90235
492	909	2.25743
492	978	5.89671
492	983	6.02121
493	519	1.85203
493	669	0.0040769
493	857	0.273965
493	913	1.51084
493	960	3.87497
493	988	5.52385
493	991	5.59862
494	265	0.0124611
494	318	0.0229156
494	488	1.85203
494	785	0.0219105
494	918	2.92521
494	979	6.65008
494	981	7.172
495	147	0.0147263
495	200	0.366986
495	366	0.085737
495	557	0.93221
495	739	3.33118
495	862	5.06048
495	962	6.89139
496	175	0.151238
496	301	1.85203
496	587	0.462884
496	882	4.16432
496	884	2.65827
496	886	2.58145
496	1000	6.85148
497	249	1.16139
497	455	2.05058
497	464	1.91735
497	541	2.76356
497	663	3.1549
497	901	5.6324
497	912	2.03233
498	700	0.316848
498	801	0.177507
498	876	1.15558
498	928	2.62445
498	985	2.48478
498	993	5.42985
498	999	4.50558
499	313	0.547351
499	508	1.85203
499	841	1.88401
499	864	2.38668
499	870	2.84063
499	910	3.69382
499	949	5.31109
500	133	1.85203
500	235	0.30921
500	367	1.41337
500	552	2.5982
500	818	2.97677
500	894	5.04203
500	907	4.33215
501	35	0.0628434
501	714	0.524528
501	717	0.16342
501	933	3.25286
501	959	4.26169
501	961	4.1038
501	968	4.3012
502	184	0.157011
502	504	0.653868
502	606	0.71132
502	656	1.35189
502	679	2.06006
502	958	5.84038
502	995	5.91319
503	686	0.896608
503	764	0.785122
503	891	2.1846
503	919	5.8822
503	933	3.64712
503	959	4.65594
503	961	4.49805
504	212	0.01032
504	459	0.315518
504	502	0.653868
504	656	1.48621
504	679	2.19438
504	958	5.9747
504	995	6.04751
505	747	0.567319
505	751	0.596436
505	816	5.23832
505	836	0.769055
505	905	3.07157
505	980	5.87383
505	986	5.86522
506	287	0.260145
506	408	0.198189
506	835	1.16432
506	856	2.41761
506	861	1.90781
506	973	5.6582
506	974	5.36172
507	106	0.0789888
507	403	1.85203
507	578	0.875489
507	635	2.9065
507	683	2.0926
507	837	4.06375
507	952	6.66591
508	499	1.85203
508	530	0.0466027
508	755	0.0518326
508	871	2.12745
508	959	4.85422
508	961	4.69633
508	968	4.89374
509	789	0.00110349
509	857	0.0198634
509	913	0.992158
509	931	2.31589
509	960	3.35629
509	988	5.00517
509	991	5.07994
510	673	2.16711
510	693	1.68776
510	781	2.2467
510	796	2.02967
510	847	2.98096
510	955	4.04788
510	957	5.56664
511	167	0.10998
511	516	0.00212442
511	804	2.96052
511	865	1.46815
511	897	4.27983
511	903	4.22491
511	922	5.11967
512	217	1.74663
512	351	0.0288628
512	559	0.718914
512	844	0.087966
512	884	3.35536
512	886	3.27854
512	1000	7.54857
513	524	0.343713
513	825	2.09674
513	840	3.567
513	877	2.44947
513	896	2.64108
513	930	3.28937
513	993	5.8828
514	396	0.654167
514	671	2.89824
514	696	1.8205
